1207218466442403840,,672000,672000
1207221176646471680,OK,1318000,1318000
1207221300986548224,OK,1347000,1347000
1207221684442415104,OK,1439000,1439000
1207221780332634112,REF,1462000,1462000
1207222271456268289,REF,1579000,1579000
1207222645013565440,,1668000,1668000
1207224275356311552,KO,2057000,2057000
1207224553132429312,REF,2123000,2123000
1207224894745907201,REF,2204000,2204000
1207225457588002816,REF,2338000,2338000
1207225902960132096,KO,2445000,2445000
1207226641006637056,KO,2621000,2621000
1207227588386668544,KO,2846000,2846000
1207227731496321024,KO,2881000,2881000
1207228992924930048,KO;REF,3181000,3181000
1207229020498276353,REF,3188000,3188000
1207229154300715008,KO,3220000,3220000
1207229201771827200,KO,3231000,3231000
1207229761703075840,REF,3365000,3365000
1207230029123538944,REF,3428000,3428000
1207230785272582144,OK,3609000,3609000
1207232965446656001,,4128000,4128000
1207233235115237376,,4193000,4193000
1207233799660150784,,4327000,4327000
1207233852428750850,,4340000,4340000
1207236443166453760,REF,4958000,4958000
1207236819844239361,,5047000,5047000
1207237484540809216,OK,5206000,5206000
1207237531689005056,Q,5217000,5217000
1207238510882758656,REF,5451000,5451000
1207238954539462656,REF,5556000,5556000
1207242653584244736,KO,6438000,6438000
1207242659645067264,OK,6440000,6440000
1207242829652729856,,6480000,6480000
1207243048947781632,,6533000,6533000
1207243186223091712,REF,6565000,6565000
1207243602038050816,KO;Q,6664000,6664000
1207244247138746368,REF,6818000,6818000
1207246645873848320,OK,7390000,7390000
1207250046502264832,,8201000,8201000
1207251886212034565,,8639000,8639000
1207253193463390208,,8951000,8951000
1207253483721809920,OK,9020000,9020000
1207253754942279680,OK,9085000,9085000
1207254272561360898,OK,9208000,9208000
1207254637033771008,OK,9295000,9295000
1207254679643660288,,9305000,9305000
1207254965359656960,,9374000,9374000
1207256410251284481,KO;Q,9718000,9718000
1207257417601433601,,9958000,9958000
1207260942897229824,OK,10799000,10799000
1207261372201013248,OK,10901000,10901000
1207261833947734016,REF,11011000,11011000
1207262712767664128,KO,11221000,11221000
1206928651222212610,REF,767000,767000
1206929251125137410,REF,910000,910000
1206930690350239750,,1253000,1253000
1206930973360832517,,1321000,1321000
1206932478965010432,OK,1680000,1680000
1206933293054283777,REF,1874000,1874000
1206936352627056641,,2603000,2603000
1206942071837380608,REF,3967000,3967000
1206942422787395587,OK,4051000,4051000
1206942883867168768,KO,4161000,4161000
1206942988678713352,,4186000,4186000
1206944902304677888,KO,4642000,4642000
1206946049388163073,OK,4915000,4915000
1206948924210188288,,5601000,5601000
1206950633527488512,OK,6008000,6008000
1206952848266866691,,6536000,6536000
1206957399384477697,,7621000,7621000
1206957539310604288,OK,7655000,7655000
1206961293367881729,,8550000,8550000
1206961586453303305,REF,8620000,8620000
1206962459770261505,,8828000,8828000
1206963170188955648,REF,8997000,8997000
1206963611895238659,,9103000,9103000
1206963761057325058,,9138000,9138000
1206964845205245952,,9397000,9397000
1206966808156221441,REF,9865000,9865000
1206967001119444992,REF,9911000,9911000
1206968224589455361,REF,10202000,10202000
1206969965569593344,OK,10617000,10617000
1206970901410877440,REF,10840000,10840000
1206971127668658176,,10894000,10894000
1206971765282529280,KO,11046000,11046000
1206972057566826496,Q,11116000,11116000
1206973174392479745,,11382000,11382000
1206973764447166464,,11523000,11523000
1206975913713393669,Q,12036000,12036000
1206977919786065921,,12514000,12514000
1206984656119386112,,266000,266000
1206984913855111168,,327000,327000
1206986251326369793,REF,646000,646000
1206994316348055553,KO,2569000,2569000
1206999084218961921,,3706000,3706000
1207000385220685824,OK,4016000,4016000
1206857968874139649,Q,1019000,1019000
1206861387412201473,KO;REF,1834000,1834000
1206861505301549056,KO,1862000,1862000
1206869012233228288,OK,3652000,3652000
1206870437025734657,Q,3992000,3992000
1206870632866222080,Q,4039000,4039000
1206871006201167872,Q,4128000,4128000
1206871724928774145,Q;REF,4299000,4299000
1206871900238028805,KO,4341000,4341000
1206872040575246337,,4374000,4374000
1206872870628057090,REF,4572000,4572000
1206873153475162112,KO,4640000,4640000
1206873840846020615,,4803000,4803000
1206873890565300224,REF,4815000,4815000
1206875076987097089,,5098000,5098000
1206878063289675776,REF,5810000,5810000
1206879339943514114,OK,6115000,6115000
1206879990148669440,,6270000,6270000
1206880525799047168,REF,6397000,6397000
1206880584355733509,,6411000,6411000
1206881902180884480,REF,6725000,6725000
1206882404004192256,,6845000,6845000
1206883268202774533,,7051000,7051000
1206883802024423425,,7178000,7178000
1206884513386827779,,7348000,7348000
1206884620127604737,Q,7373000,7373000
1206885622159413248,OK,7612000,7612000
1206886004130537472,REF,7703000,7703000
1206886307038937089,,7776000,7776000
1206886591358259200,OK,7843000,7843000
1206886711067852805,REF,7872000,7872000
1206887354486722561,REF,8025000,8025000
1206887381422497792,OK,8032000,8032000
1206887714529918976,OK,8111000,8111000
1206888166726275074,,8219000,8219000
1206889128606027777,OK,8448000,8448000
1206889165398433792,KO,8457000,8457000
1206890830717431809,,8854000,8854000
1206891952374996993,,9122000,9122000
1206895187299110912,KO,9893000,9893000
1206897396422103041,REF,10420000,10420000
1206898639399985152,REF,10716000,10716000
1206898921634779142,REF,10783000,10783000
1206900781724635141,OK,11227000,11227000
1206902033292439552,REF,11525000,11525000
1206904609551396864,,12139000,12139000
1206906535798099969,REF,12599000,12599000
1206906904863289344,,12687000,12687000
1207286455162286080,,669000,669000
1207287123847634944,,829000,829000
1207289748722765825,,1455000,1455000
1207289951039176704,KO,1503000,1503000
1207292556079489024,OK,2124000,2124000
1207294043455152130,,2479000,2479000
1207295548866334722,,2837000,2837000
1207295950382882818,REF,2933000,2933000
1207296362968240130,REF,3032000,3032000
1207297397371613186,KO,3278000,3278000
1207299709372641281,OK,3829000,3829000
1207302650624126977,,4531000,4531000
1207303154947244035,,4651000,4651000
1207304721138143232,KO,5024000,5024000
1207305319833120768,KO,5167000,5167000
1207307343886716928,OK,5650000,5650000
1207308186757279745,,5851000,5851000
1207315199549681665,KO,7523000,7523000
1207315990645813251,REF,7711000,7711000
1207319482919723008,OK,8544000,8544000
1207320178742243330,OK,8710000,8710000
1207320836362948609,OK,8866000,8866000
1207322178414415874,,9186000,9186000
1207330360088047616,REF,11137000,11137000
1207330632252186624,,11202000,11202000
1207330761021546497,,11233000,11233000
1207332521136009219,OK,11652000,11652000
1207338725086240768,,13131000,13131000
1207342351968014336,,13996000,13996000
1207342937929125890,OK,14136000,14136000
1207347654377791499,KO,15260000,15260000
1207347866517344257,,15311000,15311000
1207347871680548864,REF,15312000,15312000
1207348980428005381,OK,15577000,15577000
1207349565478834176,OK,15716000,15716000
1207354787366354945,,16961000,16961000
1207356370376376321,REF,17338000,17338000
1207358405779902465,Q,17824000,17824000
1207360252922007552,Q,18264000,18264000
1207363556292866049,,19052000,19052000
1207364583461142535,,19297000,19297000
1207365498540822529,OK,19515000,19515000
